%YAML:1.0
---
matrix: !!opencv-matrix
   rows: 4
   cols: 4
   dt: f
   data: [ 2.17006169e-02, -5.29054880e-01, 8.48310113e-01,
       -1.77247009e+02, -5.35346419e-02, -8.47907484e-01,
       -5.27434289e-01, 1.96457840e+02, 9.98330176e-01, -3.39683294e-02,
       -4.67228778e-02, 1.91882801e+01, 0., 0., 0., 1. ]
